0,0,0
0.5645353319956374,-0.002139284729771516,-0.06842105263157895
0.8822914895549689,-0.003969012784597717,-0.1368421052631579
0.9908146800806764,-0.005486938023341829,-0.20526315789473687
0.9284570671746845,-0.006691214951580518,-0.2736842105263158
0.734233186915528,-0.007580390968090283,-0.34210526315789475
0.4476712721431373,-0.008153400120331592,-0.41052631578947374
0.1086605926469268,-0.008409558441448216,-0.4789473684210527
-0.24270402299695207,-0.008348560921894699,-0.5473684210526316
-0.5662792769419351,-0.00797048014972905,-0.6157894736842106
-0.8220308722407704,-0.007275766634721651,-0.6842105263157895
-0.9701901273560165,-0.006265250812679525,-0.7526315789473684
-0.9714085113072594,-0.004940146707582002,-0.8210526315789475
-0.7869089062906071,-0.0033020572102000706,-0.8894736842105264
-0.37863245237351434,-0.001352980912644409,-0.9578947368421054
0.2906201072264405,0.0009046795812218245,-1.0263157894736843
1.2570535831743181,0.0034681079696191087,-1.0947368421052632
2.5557509107372223,0.0063340633115412685,-1.1631578947368422
4.220553943137101,0.009498867971977104,-1.231578947368421
6.283953165383425,0.01295839461695571,-1.3
