-0.0
0.037526414793278194
0.07223122509002489
0.10418315540288954
0.13345120726199372
0.16010465262571888
0.18421302723717733
0.2058461239275948
0.22507398586791239
0.24196689976974967
0.256595389037187
0.26903020687058393
0.27934232932373365
0.287602948315725
0.2938834645989448
0.29825548068440555
0.300790793726005
0.30156138836493585
0.30063942953573636
0.2980972552354538
0.29400736925728255
0.28844243389010543
0.2814752625855607
0.273178812593917
0.2636261775703913
0.25289058015326893
0.24104536451552186
0.22816398889121745
0.21432001807844148
0.19958711592012227
0.18403903776439595
0.16774962290601822
0.15079278701035825
0.1332425145215993
0.11517285105663719
0.09665789578631959
0.07777179380554601
0.05858872849384539
0.03918291386799512
0.019628586928285605
0.0
-0.01962858692828578
-0.0391829138679952
-0.05858872849384539
-0.0777717938055461
-0.09665789578631959
-0.11517285105663737
-0.13324251452159938
-0.1507927870103584
-0.1677496229060183
-0.18403903776439595
-0.19958711592012243
-0.21432001807844156
-0.2281639888912176
-0.24104536451552194
-0.25289058015326893
-0.2636261775703915
-0.27317881259391713
-0.2814752625855608
-0.28844243389010554
-0.29400736925728255
-0.2980972552354539
-0.30063942953573636
-0.30156138836493596
-0.30079079372600503
-0.29825548068440555
-0.2938834645989449
-0.287602948315725
-0.2793423293237337
-0.269030206870584
-0.256595389037187
-0.2419668997697497
-0.22507398586791239
-0.20584612392759483
-0.18421302723717736
-0.16010465262571888
-0.13345120726199375
-0.10418315540288954
-0.0722312250900249
-0.0375264147932782
0.0
0.04041646025130008
0.08379111689406701
0.1301918244145798
0.17968613449205717
0.2323412896990019
0.2882242172626771
0.3474015228892276
0.40993948465132984
0.4759040469402008
0.5453608144834653
0.6183750464295081
0.695011650499608
0.7753351772084024
0.8594098141541637
0.9472993803794132
1.0390673208029357
1.13477670072405
1.2344902003999891
1.3382701096971947
1.446178322817548
